165
1.2718275596775733000000000000000000000000000000000000000000000000000000000000000000000000000000000000e-003
7.5170045027623126000000000000000000000000000000000000000000000000000000000000000000000000000000000000e-003
4.2466042529970723000000000000000000000000000000000000000000000000000000000000000000000000000000000000e-003
2.6396645559451423000000000000000000000000000000000000000000000000000000000000000000000000000000000000e-003
1.1375311960094027000000000000000000000000000000000000000000000000000000000000000000000000000000000000e-003
5.2135904990246043000000000000000000000000000000000000000000000000000000000000000000000000000000000000e-003
3.7529507860868654000000000000000000000000000000000000000000000000000000000000000000000000000000000000e-003
1.6660082383221207000000000000000000000000000000000000000000000000000000000000000000000000000000000000e-004
2.1963543386819898000000000000000000000000000000000000000000000000000000000000000000000000000000000000e-003
2.0376525190863655000000000000000000000000000000000000000000000000000000000000000000000000000000000000e-003
4.7184615035063306000000000000000000000000000000000000000000000000000000000000000000000000000000000000e-003
6.2500206564654751000000000000000000000000000000000000000000000000000000000000000000000000000000000000e-003
3.4892253163671984000000000000000000000000000000000000000000000000000000000000000000000000000000000000e-003
1.4106012375224089000000000000000000000000000000000000000000000000000000000000000000000000000000000000e-003
6.1969146746857010000000000000000000000000000000000000000000000000000000000000000000000000000000000000e-003
2.3868594836486115000000000000000000000000000000000000000000000000000000000000000000000000000000000000e-004
1.5464834328898799000000000000000000000000000000000000000000000000000000000000000000000000000000000000e-004
1.8070608440583871000000000000000000000000000000000000000000000000000000000000000000000000000000000000e-003
5.1232083971616708000000000000000000000000000000000000000000000000000000000000000000000000000000000000e-005
1.8232087250805949000000000000000000000000000000000000000000000000000000000000000000000000000000000000e-003
1.0703571611897528000000000000000000000000000000000000000000000000000000000000000000000000000000000000e-003
3.4837771953776225000000000000000000000000000000000000000000000000000000000000000000000000000000000000e-003
2.2992901621391424000000000000000000000000000000000000000000000000000000000000000000000000000000000000e-004
2.1742861323247964000000000000000000000000000000000000000000000000000000000000000000000000000000000000e-004
7.7405978195211073000000000000000000000000000000000000000000000000000000000000000000000000000000000000e-003
3.1239186875897714000000000000000000000000000000000000000000000000000000000000000000000000000000000000e-003
7.8210913460953285000000000000000000000000000000000000000000000000000000000000000000000000000000000000e-004
7.2630844447047166000000000000000000000000000000000000000000000000000000000000000000000000000000000000e-004
3.9626422405328677000000000000000000000000000000000000000000000000000000000000000000000000000000000000e-003
7.1999716597109320000000000000000000000000000000000000000000000000000000000000000000000000000000000000e-004
6.8910390296042675000000000000000000000000000000000000000000000000000000000000000000000000000000000000e-004
4.4134146444646560000000000000000000000000000000000000000000000000000000000000000000000000000000000000e-004
5.5408676984630241000000000000000000000000000000000000000000000000000000000000000000000000000000000000e-003
3.6840254837504317000000000000000000000000000000000000000000000000000000000000000000000000000000000000e-003
1.0843612070246703000000000000000000000000000000000000000000000000000000000000000000000000000000000000e-002
2.0726038567981486000000000000000000000000000000000000000000000000000000000000000000000000000000000000e-003
6.6524470932337442000000000000000000000000000000000000000000000000000000000000000000000000000000000000e-003
1.6308744718813133000000000000000000000000000000000000000000000000000000000000000000000000000000000000e-004
1.4823073085148612000000000000000000000000000000000000000000000000000000000000000000000000000000000000e-003
1.4883392672969893000000000000000000000000000000000000000000000000000000000000000000000000000000000000e-013
3.4908908797176379000000000000000000000000000000000000000000000000000000000000000000000000000000000000e-004
6.6064538202266975000000000000000000000000000000000000000000000000000000000000000000000000000000000000e-004
1.2831024755970120000000000000000000000000000000000000000000000000000000000000000000000000000000000000e-003
3.4227441299305955000000000000000000000000000000000000000000000000000000000000000000000000000000000000e-003
1.5802945141958869000000000000000000000000000000000000000000000000000000000000000000000000000000000000e-003
2.9916990431132543000000000000000000000000000000000000000000000000000000000000000000000000000000000000e-006
2.7926142836461024000000000000000000000000000000000000000000000000000000000000000000000000000000000000e-003
1.5960006513387824000000000000000000000000000000000000000000000000000000000000000000000000000000000000e-003
1.0937568752236106000000000000000000000000000000000000000000000000000000000000000000000000000000000000e-003
1.9891332272368575000000000000000000000000000000000000000000000000000000000000000000000000000000000000e-003
3.9803907790020368000000000000000000000000000000000000000000000000000000000000000000000000000000000000e-003
1.5662147512509625000000000000000000000000000000000000000000000000000000000000000000000000000000000000e-003
1.6118242710905676000000000000000000000000000000000000000000000000000000000000000000000000000000000000e-014
6.1172743647656186000000000000000000000000000000000000000000000000000000000000000000000000000000000000e-003
5.3106049846111973000000000000000000000000000000000000000000000000000000000000000000000000000000000000e-003
1.0304917148022315000000000000000000000000000000000000000000000000000000000000000000000000000000000000e-004
3.1272217208920217000000000000000000000000000000000000000000000000000000000000000000000000000000000000e-005
1.4923535192002955000000000000000000000000000000000000000000000000000000000000000000000000000000000000e-003
7.9945644082122212000000000000000000000000000000000000000000000000000000000000000000000000000000000000e-004
2.1672672964593865000000000000000000000000000000000000000000000000000000000000000000000000000000000000e-004
2.0800381389634085000000000000000000000000000000000000000000000000000000000000000000000000000000000000e-004
7.2362540274395482000000000000000000000000000000000000000000000000000000000000000000000000000000000000e-004
2.8475303148602169000000000000000000000000000000000000000000000000000000000000000000000000000000000000e-004
1.4570081780178881000000000000000000000000000000000000000000000000000000000000000000000000000000000000e-005
5.8564841731623672000000000000000000000000000000000000000000000000000000000000000000000000000000000000e-004
7.7455753982154471000000000000000000000000000000000000000000000000000000000000000000000000000000000000e-004
1.7992073934139458000000000000000000000000000000000000000000000000000000000000000000000000000000000000e-004
4.2187859318222106000000000000000000000000000000000000000000000000000000000000000000000000000000000000e-003
6.0111259947533743000000000000000000000000000000000000000000000000000000000000000000000000000000000000e-004
6.3767800317013955000000000000000000000000000000000000000000000000000000000000000000000000000000000000e-005
1.2137531556425602000000000000000000000000000000000000000000000000000000000000000000000000000000000000e-003
2.9819649295425815000000000000000000000000000000000000000000000000000000000000000000000000000000000000e-006
4.4306612655483880000000000000000000000000000000000000000000000000000000000000000000000000000000000000e-005
3.2412144784154637000000000000000000000000000000000000000000000000000000000000000000000000000000000000e-005
1.9435379496088098000000000000000000000000000000000000000000000000000000000000000000000000000000000000e-004
2.5680692525255989000000000000000000000000000000000000000000000000000000000000000000000000000000000000e-004
2.3129797434794349000000000000000000000000000000000000000000000000000000000000000000000000000000000000e-003
4.0027283052002415000000000000000000000000000000000000000000000000000000000000000000000000000000000000e-003
1.1081099595841057000000000000000000000000000000000000000000000000000000000000000000000000000000000000e-003
6.2497698795827559000000000000000000000000000000000000000000000000000000000000000000000000000000000000e-004
1.7548466619227755000000000000000000000000000000000000000000000000000000000000000000000000000000000000e-003
9.7686655335665201000000000000000000000000000000000000000000000000000000000000000000000000000000000000e-004
2.0291198035727404000000000000000000000000000000000000000000000000000000000000000000000000000000000000e-001
9.7464362446985742000000000000000000000000000000000000000000000000000000000000000000000000000000000000e-004
6.7044336832749546000000000000000000000000000000000000000000000000000000000000000000000000000000000000e-015
1.9386312167039702000000000000000000000000000000000000000000000000000000000000000000000000000000000000e-003
7.4977568781698414000000000000000000000000000000000000000000000000000000000000000000000000000000000000e-005
2.0593448844793767000000000000000000000000000000000000000000000000000000000000000000000000000000000000e-003
6.1200118838052075000000000000000000000000000000000000000000000000000000000000000000000000000000000000e-004
6.8688216500597466000000000000000000000000000000000000000000000000000000000000000000000000000000000000e-010
9.6647749064717806000000000000000000000000000000000000000000000000000000000000000000000000000000000000e-003
4.3413247918537513000000000000000000000000000000000000000000000000000000000000000000000000000000000000e-004
3.8117532788613188000000000000000000000000000000000000000000000000000000000000000000000000000000000000e-003
1.2077091405616303000000000000000000000000000000000000000000000000000000000000000000000000000000000000e-004
7.0197839954228174000000000000000000000000000000000000000000000000000000000000000000000000000000000000e-014
4.4081029050195876000000000000000000000000000000000000000000000000000000000000000000000000000000000000e-003
6.5078358102711228000000000000000000000000000000000000000000000000000000000000000000000000000000000000e-003
1.3341918827086729000000000000000000000000000000000000000000000000000000000000000000000000000000000000e-001
1.6102711472947115000000000000000000000000000000000000000000000000000000000000000000000000000000000000e-003
7.2830746731532531000000000000000000000000000000000000000000000000000000000000000000000000000000000000e-002
3.7440357310325415000000000000000000000000000000000000000000000000000000000000000000000000000000000000e-003
2.1174053435133147000000000000000000000000000000000000000000000000000000000000000000000000000000000000e-003
1.7991223539337871000000000000000000000000000000000000000000000000000000000000000000000000000000000000e-017
1.0030846069385801000000000000000000000000000000000000000000000000000000000000000000000000000000000000e-003
3.2054381323695725000000000000000000000000000000000000000000000000000000000000000000000000000000000000e-003
7.2242184445373762000000000000000000000000000000000000000000000000000000000000000000000000000000000000e-004
7.9209352077306986000000000000000000000000000000000000000000000000000000000000000000000000000000000000e-004
1.5611910944465421000000000000000000000000000000000000000000000000000000000000000000000000000000000000e-003
7.2032139027452722000000000000000000000000000000000000000000000000000000000000000000000000000000000000e-004
5.1088044150262215000000000000000000000000000000000000000000000000000000000000000000000000000000000000e-003
1.1434186290657576000000000000000000000000000000000000000000000000000000000000000000000000000000000000e-003
3.4904517190928949000000000000000000000000000000000000000000000000000000000000000000000000000000000000e-002
1.3862836047568961000000000000000000000000000000000000000000000000000000000000000000000000000000000000e-002
4.7185028477567462000000000000000000000000000000000000000000000000000000000000000000000000000000000000e-003
3.1185200179280437000000000000000000000000000000000000000000000000000000000000000000000000000000000000e-003
1.5555859159806485000000000000000000000000000000000000000000000000000000000000000000000000000000000000e-003
1.1182314072679476000000000000000000000000000000000000000000000000000000000000000000000000000000000000e-002
5.2884667138374574000000000000000000000000000000000000000000000000000000000000000000000000000000000000e-003
2.4018666764220650000000000000000000000000000000000000000000000000000000000000000000000000000000000000e-003
1.0195826243584822000000000000000000000000000000000000000000000000000000000000000000000000000000000000e-002
1.4556598156200662000000000000000000000000000000000000000000000000000000000000000000000000000000000000e-002
7.9823504306686111000000000000000000000000000000000000000000000000000000000000000000000000000000000000e-003
1.4755815200024277000000000000000000000000000000000000000000000000000000000000000000000000000000000000e-015
1.0116945928665452000000000000000000000000000000000000000000000000000000000000000000000000000000000000e-003
4.7644116334003500000000000000000000000000000000000000000000000000000000000000000000000000000000000000e-003
6.6429132471898032000000000000000000000000000000000000000000000000000000000000000000000000000000000000e-005
9.5900173399605460000000000000000000000000000000000000000000000000000000000000000000000000000000000000e-004
1.5173953917051178000000000000000000000000000000000000000000000000000000000000000000000000000000000000e-004
7.2991752523252128000000000000000000000000000000000000000000000000000000000000000000000000000000000000e-004
1.6618018391160575000000000000000000000000000000000000000000000000000000000000000000000000000000000000e-013
1.3481508639757143000000000000000000000000000000000000000000000000000000000000000000000000000000000000e-003
1.7234233874913939000000000000000000000000000000000000000000000000000000000000000000000000000000000000e-004
7.5536486722907567000000000000000000000000000000000000000000000000000000000000000000000000000000000000e-004
8.7115892717600971000000000000000000000000000000000000000000000000000000000000000000000000000000000000e-004
2.4312393582263128000000000000000000000000000000000000000000000000000000000000000000000000000000000000e-004
1.0717079078944123000000000000000000000000000000000000000000000000000000000000000000000000000000000000e-003
3.1532076857087472000000000000000000000000000000000000000000000000000000000000000000000000000000000000e-015
1.7414268586208252000000000000000000000000000000000000000000000000000000000000000000000000000000000000e-003
4.0570956553911413000000000000000000000000000000000000000000000000000000000000000000000000000000000000e-015
2.0805959652758668000000000000000000000000000000000000000000000000000000000000000000000000000000000000e-003
7.9706755704643485000000000000000000000000000000000000000000000000000000000000000000000000000000000000e-004
2.3743528612859807000000000000000000000000000000000000000000000000000000000000000000000000000000000000e-001
6.5949485163720734000000000000000000000000000000000000000000000000000000000000000000000000000000000000e-003
2.1577798936729460000000000000000000000000000000000000000000000000000000000000000000000000000000000000e-015
3.7822725567540679000000000000000000000000000000000000000000000000000000000000000000000000000000000000e-015
3.2903478288991009000000000000000000000000000000000000000000000000000000000000000000000000000000000000e-004
8.8400345854238346000000000000000000000000000000000000000000000000000000000000000000000000000000000000e-006
5.3259396600023836000000000000000000000000000000000000000000000000000000000000000000000000000000000000e-014
3.4814111918031290000000000000000000000000000000000000000000000000000000000000000000000000000000000000e-014
9.3781225665810547000000000000000000000000000000000000000000000000000000000000000000000000000000000000e-004
3.3380438644334551000000000000000000000000000000000000000000000000000000000000000000000000000000000000e-003
4.5684967739125027000000000000000000000000000000000000000000000000000000000000000000000000000000000000e-003
1.3525209617754750000000000000000000000000000000000000000000000000000000000000000000000000000000000000e-014
1.6246332570387012000000000000000000000000000000000000000000000000000000000000000000000000000000000000e-003
5.5874568156410193000000000000000000000000000000000000000000000000000000000000000000000000000000000000e-003
5.3336158940809298000000000000000000000000000000000000000000000000000000000000000000000000000000000000e-003
2.2026166941294952000000000000000000000000000000000000000000000000000000000000000000000000000000000000e-004
8.4829358612213048000000000000000000000000000000000000000000000000000000000000000000000000000000000000e-003
3.3845324053832649000000000000000000000000000000000000000000000000000000000000000000000000000000000000e-014
2.5549670239688883000000000000000000000000000000000000000000000000000000000000000000000000000000000000e-002
1.0165625261984180000000000000000000000000000000000000000000000000000000000000000000000000000000000000e-002
9.4686143805125765000000000000000000000000000000000000000000000000000000000000000000000000000000000000e-003
1.0195816321007887000000000000000000000000000000000000000000000000000000000000000000000000000000000000e-003
2.3594099475883505000000000000000000000000000000000000000000000000000000000000000000000000000000000000e-003
9.5921585629165273000000000000000000000000000000000000000000000000000000000000000000000000000000000000e-004
